X = 1847.04150390
Y = -2104.52368164
Z = 13.53867053
Lock = 0
Coment = (null)
Owner = (null)
