X = 1617.12463378
Y = -2165.08105468
Z = 13.56875038
Lock = 0
Coment = (null)
Owner = (null)
