X = -774.65124511
Y = 1093.19567871
Z = 44.84584426
Lock = 0
Coment = (null)
Owner = (null)
